Cluster Sorted Outer Data: (note clusters not ordered)

Cluster 1 (centre: 0.42695156866559575)
[[11, 31, 46, 165, 253], [2, 15, 102, 136, 255], [2, 24, 102, 127, 255], [6, 11, 102, 136, 255], [6, 28, 51, 170, 255], [7, 27, 51, 170, 255], [14, 20, 51, 170, 255], [30, 43, 80, 102, 255], [3, 14, 74, 168, 259], [4, 23, 104, 129, 260], [5, 36, 58, 162, 261], [6, 25, 58, 172, 261], [12, 17, 58, 174, 261], [1, 21, 66, 176, 264], [1, 12, 76, 177, 266], [7, 8, 76, 175, 266], [1, 49, 60, 160, 270], [15, 16, 108, 131, 270], [1, 18, 78, 176, 273], [1, 42, 72, 158, 273], [7, 9, 78, 179, 273], [14, 38, 39, 182, 273], [1, 50, 61, 163, 275], [6, 23, 110, 136, 275], [2, 21, 69, 184, 276], [7, 16, 69, 184, 276], [9, 25, 62, 183, 279], [20, 45, 103, 112, 280], [3, 38, 81, 163, 285], [10, 28, 57, 190, 285], [44, 48, 63, 131, 286], [1, 23, 72, 192, 288], [8, 23, 116, 143, 290], [8, 9, 84, 193, 294], [1, 48, 66, 182, 297], [1, 54, 66, 176, 297], [12, 25, 66, 194, 297], [16, 17, 66, 198, 297], [1, 24, 75, 200, 300], [2, 23, 75, 200, 300], [4, 21, 75, 200, 300], [33, 42, 86, 140, 301], [2, 38, 122, 143, 305], [10, 23, 122, 150, 305], [3, 32, 68, 203, 306], [1, 14, 88, 205, 308], [3, 23, 78, 208, 312], [1, 21, 90, 203, 315], [7, 12, 90, 206, 315], [10, 11, 126, 168, 315], [10, 24, 126, 155, 315], [17, 18, 70, 210, 315], [30, 42, 43, 200, 315], [4, 23, 81, 216, 324], [64, 72, 73, 115, 324], [4, 38, 130, 153, 325], [33, 40, 122, 130, 325], [20, 33, 57, 220, 330], [3, 51, 74, 205, 333], [2, 21, 96, 217, 336], [3, 14, 96, 223, 336], [3, 36, 76, 227, 342], [9, 32, 76, 225, 342], [75, 84, 86, 98, 343], [1, 22, 138, 184, 345], [6, 38, 138, 163, 345], [6, 23, 87, 232, 348], [8, 21, 87, 232, 348], [7, 12, 100, 231, 350], [16, 23, 140, 171, 350], [6, 51, 80, 223, 360], [7, 23, 90, 240, 360], [60, 66, 74, 163, 363], [8, 38, 146, 173, 365], [7, 24, 93, 248, 372], [8, 23, 93, 248, 372], [3, 22, 150, 200, 375], [4, 21, 108, 245, 378], [20, 23, 152, 185, 380], [10, 38, 154, 183, 385], [9, 51, 86, 241, 387], [11, 15, 156, 208, 390], [7, 18, 114, 260, 399], [5, 22, 162, 216, 405], [12, 38, 162, 193, 405], [1, 19, 118, 275, 413], [1, 28, 118, 266, 413], [12, 51, 92, 259, 414], [9, 14, 120, 277, 420], [12, 23, 105, 280, 420], [2, 19, 122, 284, 427], [3, 19, 126, 293, 441], [16, 21, 111, 296, 444], [1, 29, 180, 240, 450], [3, 28, 130, 294, 455], [4, 19, 130, 302, 455], [23, 30, 182, 220, 455], [8, 21, 132, 301, 462], [1, 30, 186, 248, 465], [2, 29, 186, 248, 465], [16, 23, 117, 312, 468], [18, 51, 104, 295, 468], [31, 61, 86, 295, 473], [3, 29, 192, 256, 480], [6, 19, 138, 320, 483], [31, 66, 90, 308, 495], [7, 19, 142, 329, 497], [5, 29, 204, 272, 510], [25, 48, 114, 326, 513], [1, 24, 148, 345, 518], [1, 36, 150, 338, 525], [6, 29, 210, 280, 525], [9, 19, 150, 347, 525], [24, 38, 210, 253, 525], [21, 23, 132, 352, 528], [15, 22, 222, 296, 555], [23, 24, 141, 376, 564], [12, 19, 162, 374, 567], [10, 29, 234, 312, 585], [30, 38, 234, 283, 585], [1, 41, 170, 383, 595], [14, 19, 170, 392, 595], [11, 29, 240, 320, 600], [1, 28, 172, 401, 602], [7, 24, 172, 399, 602], [1, 42, 174, 392, 609], [11, 30, 246, 328, 615], [2, 41, 176, 397, 616], [3, 28, 180, 419, 630], [36, 51, 140, 403, 630], [3, 41, 182, 411, 637], [7, 36, 186, 422, 651], [18, 19, 186, 428, 651], [4, 41, 188, 425, 658], [15, 29, 264, 352, 660], [19, 21, 198, 455, 693], [6, 41, 200, 453, 700], [9, 28, 204, 473, 714], [7, 41, 206, 467, 721], [8, 41, 212, 481, 742], [22, 29, 306, 408, 765], [19, 28, 226, 518, 791], [12, 41, 236, 537, 826], [14, 41, 248, 565, 868], [29, 30, 354, 472, 885], [19, 36, 258, 590, 903], [19, 41, 278, 635, 973], [19, 42, 282, 644, 987], [24, 41, 308, 705, 1078], [28, 41, 332, 761, 1162]]

##########

Cluster 2 (centre: 0.6905932281718774)
[[6, 11, 73, 174, 258], [1, 14, 73, 175, 262], [13, 21, 64, 175, 252], [8, 23, 70, 179, 257], [1, 24, 77, 180, 258], [8, 38, 108, 135, 251], [7, 11, 76, 181, 268], [13, 16, 71, 184, 268], [10, 21, 72, 185, 267], [15, 16, 109, 140, 280], [8, 11, 79, 188, 278], [3, 14, 79, 189, 282], [10, 56, 57, 190, 257], [12, 43, 63, 193, 268], [13, 20, 112, 145, 290], [9, 11, 82, 195, 288], [10, 23, 76, 195, 281], [4, 42, 73, 196, 273], [7, 37, 73, 197, 277], [17, 49, 58, 199, 274], [15, 16, 77, 200, 292], [16, 19, 121, 156, 312], [13, 21, 81, 209, 303], [7, 18, 89, 210, 306], [13, 15, 86, 215, 316], [11, 12, 91, 216, 318], [13, 23, 85, 219, 317], [17, 54, 66, 220, 303], [33, 40, 57, 220, 310], [1, 18, 93, 223, 334], [8, 42, 83, 224, 315], [13, 24, 87, 224, 324], [14, 24, 81, 224, 329], [15, 48, 73, 224, 312], [25, 48, 78, 224, 297], [27, 43, 84, 224, 294], [18, 43, 73, 225, 316], [1, 31, 98, 229, 328], [9, 14, 97, 231, 342], [22, 61, 63, 231, 316], [15, 23, 91, 235, 341], [13, 37, 88, 239, 340], [32, 45, 86, 240, 317], [2, 31, 103, 241, 346], [7, 24, 107, 252, 366], [3, 31, 108, 253, 364], [11, 18, 109, 258, 378], [1, 21, 108, 259, 388], [1, 36, 113, 264, 378], [4, 31, 113, 265, 382], [7, 18, 111, 265, 394], [2, 21, 111, 266, 398], [4, 21, 117, 280, 418], [16, 42, 103, 280, 399], [6, 31, 123, 289, 418], [48, 51, 91, 289, 388], [21, 37, 108, 295, 424], [11, 24, 127, 300, 438], [7, 31, 128, 301, 436], [8, 21, 129, 308, 458], [9, 31, 138, 325, 472], [7, 36, 143, 336, 486], [11, 31, 148, 349, 508], [11, 36, 163, 384, 558], [14, 31, 163, 385, 562], [18, 31, 183, 433, 634], [21, 31, 198, 469, 688]]

##########

Cluster 3 (centre: 1.2010386999497404)
[[16, 21, 164, 217, 254], [16, 23, 188, 243, 282]]

##########

Cluster 4 (centre: 0.880491981771854)
[[1, 18, 75, 169, 262], [12, 19, 105, 136, 253], [16, 21, 66, 169, 256], [1, 24, 76, 177, 254], [13, 28, 68, 177, 258], [9, 14, 78, 179, 266], [4, 29, 111, 148, 263], [11, 15, 111, 148, 270], [11, 12, 80, 183, 274], [6, 19, 81, 187, 274], [5, 29, 117, 156, 278], [7, 19, 85, 196, 288], [11, 14, 86, 197, 294], [1, 21, 87, 196, 304], [11, 15, 123, 164, 302], [1, 28, 88, 205, 294], [2, 21, 90, 203, 314], [18, 34, 105, 175, 298], [22, 24, 81, 208, 313], [7, 18, 93, 211, 322], [9, 19, 93, 214, 316], [3, 28, 96, 223, 322], [4, 21, 96, 217, 334], [7, 24, 162, 224, 255], [8, 21, 166, 224, 253], [8, 29, 135, 180, 323], [7, 24, 100, 231, 338], [11, 19, 101, 232, 344], [8, 21, 108, 245, 374], [11, 29, 153, 204, 368], [11, 30, 156, 208, 375], [15, 22, 156, 208, 379], [14, 19, 113, 259, 386], [13, 23, 193, 265, 301], [11, 24, 116, 267, 394], [13, 24, 198, 272, 309], [14, 23, 199, 273, 310], [9, 28, 120, 277, 406], [16, 21, 206, 280, 317], [15, 29, 177, 236, 428], [11, 28, 128, 295, 434], [18, 19, 129, 295, 442], [19, 21, 141, 322, 484], [21, 23, 241, 329, 373]]

##########

Cluster 5 (centre: 0.4997964925270396)
[[7, 9, 71, 165, 252], [8, 21, 62, 161, 252], [36, 43, 56, 117, 252], [42, 61, 72, 77, 252], [1, 22, 92, 138, 253], [2, 21, 92, 138, 253], [9, 30, 68, 146, 253], [9, 38, 50, 156, 253], [1, 39, 67, 147, 254], [13, 27, 49, 165, 254], [2, 30, 96, 127, 255], [6, 23, 84, 142, 255], [8, 26, 102, 123, 259], [8, 30, 99, 122, 259], [5, 13, 103, 139, 260], [4, 22, 63, 174, 263], [23, 33, 48, 160, 264], [33, 42, 68, 122, 265], [1, 14, 74, 177, 266], [1, 43, 59, 163, 266], [4, 44, 61, 157, 266], [10, 24, 102, 131, 267], [1, 18, 77, 174, 270], [8, 9, 76, 177, 270], [20, 27, 52, 171, 270], [4, 49, 54, 165, 272], [16, 21, 103, 132, 272], [6, 13, 108, 146, 273], [6, 26, 61, 180, 273], [10, 26, 103, 134, 273], [18, 37, 42, 176, 273], [3, 22, 100, 150, 275], [6, 34, 63, 172, 275], [10, 11, 74, 180, 275], [10, 26, 108, 131, 275], [22, 34, 43, 176, 275], [28, 30, 87, 130, 275], [7, 36, 52, 183, 278], [6, 22, 67, 184, 279], [15, 27, 79, 163, 284], [19, 27, 55, 183, 284], [4, 44, 71, 167, 286], [6, 28, 71, 182, 287], [16, 18, 93, 161, 288], [24, 31, 49, 184, 288], [9, 32, 66, 182, 289], [17, 44, 50, 178, 289], [2, 34, 91, 163, 290], [4, 43, 64, 179, 290], [8, 44, 67, 171, 290], [12, 26, 114, 139, 291], [3, 14, 82, 195, 294], [7, 12, 83, 192, 294], [8, 22, 71, 194, 295], [1, 19, 79, 197, 296], [7, 39, 79, 171, 296], [16, 25, 63, 192, 296], [6, 49, 66, 176, 297], [1, 19, 119, 159, 298], [15, 39, 59, 187, 300], [1, 22, 116, 162, 301], [1, 26, 82, 192, 301], [1, 28, 72, 201, 302], [30, 34, 96, 143, 303], [2, 32, 101, 169, 304], [16, 23, 117, 148, 304], [32, 36, 93, 143, 304], [3, 36, 64, 203, 306], [32, 36, 51, 187, 306], [2, 19, 82, 204, 307], [4, 34, 97, 173, 308], [11, 13, 83, 201, 308], [2, 19, 124, 166, 311], [7, 12, 88, 207, 314], [15, 42, 62, 196, 315], [21, 30, 61, 203, 315], [2, 37, 79, 199, 317], [3, 19, 85, 211, 318], [3, 28, 76, 211, 318], [7, 22, 116, 174, 319], [34, 36, 122, 131, 323], [3, 19, 129, 173, 324], [18, 23, 73, 210, 324], [27, 35, 69, 193, 324], [36, 37, 47, 204, 324], [10, 13, 128, 174, 325], [13, 32, 74, 206, 325], [25, 38, 68, 194, 325], [6, 34, 103, 183, 326], [12, 49, 64, 201, 326], [11, 15, 89, 215, 330], [11, 59, 60, 200, 330], [12, 44, 81, 193, 330], [15, 44, 56, 215, 330], [3, 22, 128, 178, 331], [3, 26, 90, 212, 331], [27, 49, 51, 205, 332], [18, 25, 74, 216, 333], [1, 29, 91, 213, 334], [6, 32, 111, 187, 336], [16, 21, 82, 217, 336], [21, 26, 128, 162, 337], [21, 38, 66, 212, 337], [4, 37, 84, 213, 338], [11, 13, 133, 181, 338], [5, 19, 91, 225, 340], [1, 22, 91, 227, 341], [9, 22, 124, 186, 341], [11, 61, 62, 207, 341], [14, 22, 83, 224, 343], [8, 34, 109, 193, 344], [1, 30, 94, 220, 345], [2, 29, 95, 223, 349], [5, 19, 139, 187, 350], [6, 19, 94, 232, 351], [18, 23, 114, 196, 351], [18, 26, 79, 228, 351], [27, 38, 78, 208, 351], [37, 39, 54, 221, 351], [1, 24, 101, 228, 354], [1, 19, 99, 237, 356], [2, 42, 89, 224, 357], [9, 48, 79, 224, 360], [5, 26, 98, 232, 361], [3, 22, 97, 241, 363], [6, 19, 144, 194, 363], [3, 29, 99, 233, 364], [23, 24, 141, 176, 364], [13, 15, 99, 241, 368], [2, 19, 103, 246, 370], [7, 18, 107, 246, 378], [9, 14, 106, 249, 378], [27, 30, 104, 218, 379], [8, 37, 94, 241, 380], [19, 39, 103, 219, 380], [20, 49, 74, 237, 380], [18, 34, 87, 244, 383], [3, 19, 107, 255, 384], [5, 22, 103, 255, 385], [16, 43, 84, 243, 386], [24, 26, 150, 187, 387], [13, 15, 153, 209, 390], [34, 44, 67, 246, 391], [39, 42, 74, 236, 391], [1, 29, 151, 211, 392], [28, 54, 73, 237, 392], [5, 29, 107, 253, 394], [10, 19, 106, 260, 395], [4, 19, 111, 264, 398], [19, 42, 108, 230, 399], [21, 38, 111, 229, 399], [42, 54, 55, 248, 399], [1, 26, 161, 215, 403], [26, 30, 153, 194, 403], [1, 30, 156, 218, 405], [30, 39, 79, 257, 405], [2, 29, 157, 219, 407], [10, 19, 164, 222, 415], [23, 26, 134, 232, 415], [23, 32, 94, 266, 415], [16, 34, 133, 233, 416], [30, 56, 81, 253, 420], [3, 29, 163, 227, 422], [6, 19, 119, 282, 426], [11, 19, 169, 229, 428], [13, 19, 115, 281, 428], [3, 26, 171, 229, 429], [18, 32, 141, 241, 432], [26, 30, 168, 211, 435], [7, 19, 123, 291, 440], [1, 24, 124, 297, 446], [15, 19, 121, 295, 450], [31, 60, 79, 280, 450], [11, 26, 122, 292, 451], [1, 31, 129, 291, 452], [8, 19, 127, 300, 454], [5, 26, 181, 243, 455], [22, 28, 111, 294, 455], [26, 34, 103, 292, 455], [25, 43, 99, 291, 458], [7, 24, 131, 300, 462], [16, 37, 114, 297, 464], [43, 59, 79, 283, 464], [9, 19, 131, 309, 468], [2, 31, 134, 303, 470], [13, 22, 127, 311, 473], [21, 22, 172, 258, 473], [15, 19, 189, 257, 480], [13, 22, 188, 258, 481], [11, 29, 131, 313, 484], [3, 31, 139, 315, 488], [11, 30, 134, 320, 495], [15, 22, 133, 325, 495], [43, 66, 84, 302, 495], [46, 59, 90, 300, 495], [4, 31, 144, 327, 506], [12, 19, 143, 336, 510], [15, 26, 138, 332, 511], [1, 28, 144, 345, 518], [1, 36, 149, 336, 522], [7, 24, 148, 351, 530], [11, 26, 211, 285, 533], [6, 31, 154, 351, 542], [15, 29, 147, 353, 544], [3, 28, 152, 363, 546], [7, 31, 159, 363, 560], [32, 34, 181, 313, 560], [22, 42, 139, 364, 567], [19, 22, 224, 306, 571], [19, 26, 154, 372, 571], [13, 29, 223, 307, 572], [8, 31, 164, 375, 578], [64, 68, 91, 355, 578], [13, 30, 228, 314, 585], [15, 26, 231, 313, 585], [28, 37, 144, 381, 590], [18, 19, 167, 390, 594], [19, 29, 163, 393, 604], [19, 30, 166, 400, 615], [7, 36, 179, 408, 630], [9, 28, 176, 417, 630], [22, 29, 175, 423, 649], [12, 31, 184, 423, 650], [19, 29, 259, 355, 662], [19, 30, 264, 362, 675], [19, 24, 191, 444, 678], [14, 31, 194, 447, 686], [26, 29, 301, 411, 767], [19, 31, 219, 507, 776], [19, 36, 239, 552, 846], [24, 31, 244, 567, 866], [28, 31, 264, 615, 938]]

##########

Cluster 6 (centre: 0.3447796699319906)
[[6, 7, 71, 168, 252], [7, 16, 61, 168, 252], [2, 15, 68, 170, 255], [4, 30, 51, 170, 255], [6, 7, 72, 170, 255], [15, 40, 101, 104, 260], [4, 9, 74, 174, 261], [1, 24, 63, 176, 264], [12, 33, 43, 176, 264], [1, 12, 77, 180, 270], [1, 40, 49, 180, 270], [5, 13, 72, 180, 270], [10, 27, 53, 180, 270], [1, 14, 76, 182, 273], [1, 38, 52, 182, 273], [2, 21, 68, 182, 273], [26, 28, 37, 182, 273], [6, 13, 76, 190, 285], [27, 30, 38, 190, 285], [3, 39, 56, 196, 294], [4, 21, 73, 196, 294], [7, 8, 83, 196, 294], [1, 36, 62, 198, 297], [6, 44, 49, 198, 297], [7, 9, 87, 206, 309], [3, 32, 69, 208, 312], [2, 30, 126, 157, 315], [3, 14, 88, 210, 315], [7, 9, 89, 210, 315], [7, 38, 60, 210, 315], [8, 9, 93, 220, 330], [11, 40, 59, 220, 330], [7, 24, 81, 224, 336], [8, 21, 83, 224, 336], [1, 18, 96, 230, 345], [10, 13, 92, 230, 345], [2, 28, 89, 238, 357], [13, 38, 68, 238, 357], [9, 32, 79, 240, 360], [32, 43, 45, 240, 360], [7, 12, 102, 242, 363], [7, 12, 107, 252, 378], [40, 45, 143, 152, 380], [2, 49, 76, 254, 381], [2, 56, 73, 262, 393], [1, 18, 113, 264, 396], [1, 21, 111, 266, 399], [6, 28, 99, 266, 399], [6, 61, 66, 266, 399], [1, 26, 108, 270, 405], [73, 80, 90, 162, 405], [6, 49, 81, 272, 408], [3, 43, 91, 274, 411], [7, 54, 78, 278, 417], [2, 21, 117, 280, 420], [13, 15, 112, 280, 420], [16, 21, 103, 280, 420], [21, 39, 80, 280, 420], [6, 56, 79, 282, 423], [6, 66, 71, 286, 429], [12, 61, 71, 288, 432], [3, 26, 116, 290, 435], [3, 51, 91, 290, 435], [6, 43, 96, 290, 435], [10, 49, 86, 290, 435], [12, 66, 67, 290, 435], [28, 30, 87, 290, 435], [9, 14, 124, 294, 441], [1, 29, 120, 300, 450], [1, 42, 108, 302, 453], [9, 43, 101, 306, 459], [4, 21, 129, 308, 462], [6, 51, 97, 308, 462], [1, 30, 124, 310, 465], [2, 29, 124, 310, 465], [2, 37, 116, 310, 465], [5, 26, 124, 310, 465], [15, 61, 79, 310, 465], [7, 18, 132, 314, 471], [3, 29, 128, 320, 480], [4, 37, 121, 324, 486], [9, 51, 103, 326, 489], [18, 49, 96, 326, 489], [7, 18, 143, 336, 504], [2, 46, 121, 338, 507], [6, 37, 126, 338, 507], [26, 67, 76, 338, 507], [5, 29, 136, 340, 510], [18, 56, 97, 342, 513], [12, 51, 109, 344, 516], [1, 24, 149, 348, 522], [1, 28, 146, 350, 525], [6, 29, 140, 350, 525], [8, 37, 131, 352, 528], [4, 46, 127, 354, 531], [18, 43, 116, 354, 531], [8, 21, 153, 364, 546], [6, 46, 133, 370, 555], [3, 28, 158, 378, 567], [12, 37, 141, 380, 570], [30, 49, 111, 380, 570], [8, 46, 139, 386, 579], [24, 43, 126, 386, 579], [10, 29, 156, 390, 585], [42, 73, 81, 392, 588], [14, 37, 146, 394, 591], [16, 37, 151, 408, 612], [15, 26, 164, 410, 615], [24, 51, 133, 416, 624], [7, 24, 179, 420, 630], [13, 29, 168, 420, 630], [40, 61, 109, 420, 630], [13, 30, 172, 430, 645], [14, 46, 157, 434, 651], [15, 29, 176, 440, 660], [1, 31, 191, 446, 669], [1, 36, 186, 446, 669], [36, 43, 146, 450, 675], [60, 79, 86, 450, 675], [2, 31, 196, 458, 687], [9, 28, 194, 462, 693], [24, 37, 171, 464, 696], [3, 31, 201, 470, 705], [4, 31, 206, 482, 723], [1, 41, 211, 506, 759], [6, 31, 216, 506, 759], [1, 36, 221, 516, 774], [1, 42, 216, 518, 777], [7, 31, 221, 518, 777], [2, 41, 217, 520, 780], [54, 56, 151, 522, 783], [7, 36, 222, 530, 795], [3, 41, 223, 534, 801], [9, 31, 231, 542, 813], [28, 46, 199, 546, 819], [4, 41, 229, 548, 822], [26, 29, 220, 550, 825], [48, 51, 181, 560, 840], [6, 41, 241, 576, 864], [12, 31, 246, 578, 867], [7, 36, 251, 588, 882], [7, 41, 247, 590, 885], [29, 30, 236, 590, 885], [37, 42, 216, 590, 885], [14, 31, 256, 602, 903], [8, 41, 253, 604, 906], [9, 41, 259, 618, 927], [18, 31, 276, 650, 975], [42, 46, 241, 658, 987], [12, 41, 277, 660, 990], [21, 31, 291, 686, 1029], [18, 41, 313, 744, 1116], [28, 31, 326, 770, 1155], [24, 41, 349, 828, 1242], [31, 36, 366, 866, 1299], [31, 41, 391, 926, 1389], [31, 42, 396, 938, 1407], [36, 41, 421, 996, 1494]]

##########

Cluster 7 (centre: 0.595908085866535)
[[2, 11, 72, 168, 251], [8, 30, 51, 170, 251], [14, 30, 51, 160, 255], [11, 16, 65, 168, 260], [2, 21, 75, 175, 252], [3, 11, 75, 175, 261], [7, 9, 75, 175, 259], [2, 21, 66, 176, 263], [2, 24, 63, 176, 263], [8, 21, 66, 169, 264], [22, 24, 63, 155, 264], [7, 23, 67, 171, 268], [8, 19, 108, 135, 270], [13, 17, 90, 150, 270], [17, 31, 64, 160, 272], [4, 11, 78, 182, 271], [7, 12, 78, 182, 267], [4, 21, 69, 184, 274], [7, 24, 69, 176, 276], [22, 24, 69, 161, 276], [24, 33, 46, 173, 276], [13, 18, 93, 155, 279], [8, 23, 70, 179, 280], [10, 19, 116, 145, 290], [10, 38, 116, 145, 271], [6, 11, 84, 196, 291], [2, 24, 75, 200, 299], [2, 46, 75, 200, 277], [8, 21, 75, 200, 296], [11, 21, 75, 193, 300], [13, 24, 75, 200, 288], [1, 14, 87, 203, 304], [4, 21, 87, 203, 294], [7, 11, 87, 203, 301], [15, 16, 124, 155, 310], [1, 28, 90, 210, 301], [17, 18, 105, 175, 315], [11, 23, 79, 203, 316], [4, 46, 81, 216, 301], [11, 24, 81, 208, 324], [3, 14, 93, 217, 324], [9, 11, 93, 217, 321], [7, 18, 96, 224, 327], [9, 14, 96, 224, 329], [15, 19, 136, 170, 340], [6, 46, 87, 232, 325], [16, 21, 87, 232, 340], [16, 19, 140, 175, 350], [16, 38, 140, 175, 331], [11, 21, 128, 192, 352], [14, 23, 88, 227, 352], [3, 28, 102, 238, 343], [11, 12, 102, 238, 351], [16, 21, 90, 233, 360], [8, 46, 93, 248, 349], [16, 23, 94, 243, 376], [11, 14, 108, 252, 371], [1, 18, 111, 259, 388], [9, 14, 111, 259, 384], [19, 20, 156, 195, 390], [20, 38, 156, 195, 371], [1, 36, 114, 266, 381], [13, 42, 102, 272, 387], [11, 18, 120, 280, 411], [12, 46, 105, 280, 397], [30, 56, 87, 290, 407], [1, 21, 129, 301, 451], [1, 41, 129, 301, 431], [7, 18, 129, 301, 448], [11, 21, 129, 301, 441], [1, 42, 132, 308, 441], [2, 21, 132, 308, 461], [16, 46, 117, 312, 445], [2, 41, 135, 315, 452], [4, 21, 138, 322, 481], [9, 28, 138, 322, 469], [3, 41, 141, 329, 473], [4, 41, 147, 343, 494], [7, 36, 150, 350, 507], [11, 28, 150, 350, 511], [6, 41, 159, 371, 536], [24, 46, 141, 376, 541], [7, 41, 165, 385, 557], [11, 36, 174, 406, 591], [9, 41, 177, 413, 599], [11, 41, 189, 441, 641], [11, 42, 192, 448, 651], [14, 41, 207, 483, 704], [18, 41, 231, 539, 788], [21, 41, 249, 581, 851]]

##########

Cluster 8 (centre: 0.7673799072134417)
[[13, 16, 100, 129, 258], [5, 26, 72, 180, 257], [10, 13, 72, 180, 265], [15, 16, 108, 139, 262], [16, 30, 108, 131, 255], [12, 19, 105, 136, 272], [4, 29, 74, 185, 263], [13, 19, 109, 141, 282], [20, 26, 112, 145, 277], [5, 29, 78, 195, 278], [15, 19, 117, 151, 283], [13, 15, 82, 205, 300], [25, 43, 73, 209, 277], [5, 23, 168, 224, 252], [8, 29, 90, 225, 323], [30, 43, 79, 225, 298], [5, 24, 174, 232, 261], [6, 23, 174, 232, 261], [32, 43, 90, 240, 315], [8, 23, 186, 248, 279], [15, 16, 186, 248, 279], [27, 28, 151, 261, 316], [13, 29, 110, 275, 398], [12, 23, 210, 280, 315], [13, 30, 112, 280, 405], [15, 26, 112, 280, 407], [15, 29, 118, 295, 428], [15, 23, 228, 304, 342], [16, 23, 234, 312, 351], [23, 24, 282, 376, 423]]

##########

Cluster 9 (centre: 0.2942675159448258)
[[7, 30, 48, 170, 255], [1, 12, 78, 182, 273], [4, 9, 78, 182, 273], [6, 7, 78, 182, 273], [13, 36, 42, 182, 273], [1, 44, 54, 198, 297], [1, 14, 90, 210, 315], [7, 9, 96, 224, 336], [3, 14, 102, 238, 357], [1, 18, 114, 266, 399], [7, 12, 114, 266, 399], [4, 61, 78, 286, 429], [3, 48, 101, 304, 456], [8, 54, 91, 306, 459], [1, 21, 132, 308, 462], [13, 71, 72, 312, 468], [2, 21, 138, 322, 483], [9, 14, 138, 322, 483], [2, 42, 131, 350, 525], [4, 21, 150, 350, 525], [7, 18, 150, 350, 525], [1, 28, 174, 406, 609], [3, 28, 186, 434, 651], [44, 61, 126, 462, 693], [1, 36, 222, 518, 777], [9, 28, 222, 518, 777], [91, 96, 102, 578, 867], [1, 41, 252, 588, 882], [1, 42, 258, 602, 903], [2, 41, 258, 602, 903], [7, 36, 258, 602, 903], [3, 41, 264, 616, 924], [4, 41, 270, 630, 945], [6, 41, 282, 658, 987], [7, 41, 288, 672, 1008], [9, 41, 300, 700, 1050], [12, 41, 318, 742, 1113], [14, 41, 330, 770, 1155], [18, 41, 354, 826, 1239], [21, 41, 372, 868, 1302], [28, 41, 414, 966, 1449], [36, 41, 462, 1078, 1617], [41, 42, 498, 1162, 1743]]

##########

Cluster 10 (centre: 1.005033391040827)
[[24, 44, 69, 161, 254], [11, 19, 112, 153, 276], [13, 19, 77, 186, 276], [18, 32, 93, 161, 272], [13, 15, 114, 157, 286], [36, 51, 64, 187, 274], [15, 19, 83, 200, 298], [13, 22, 83, 201, 297], [15, 22, 89, 215, 319], [15, 19, 132, 181, 328], [11, 26, 133, 181, 325], [15, 26, 153, 209, 377]]